--------[ 2016-02-05 00:00:00 -0500 ]

L.s2.detmap =
      3    16    32    47     1  1881
      3    16     0    15    17  1881
      4    11    16    31     1  1877
      4    11     0    15    17  1877
L.s2.npaddles = 16
L.s2.position = -0.11  0  3.1415
L.s2.size = 1.118  0.216  0.05
L.s2.L.off = 34.75  37.23  32.05  34.83  36.15  31.79  34.43  32.56  34.01  33.99  34.28  31.95  35.16  29.62  28.97  29.87
L.s2.R.off = -25.71  -23.66  -20.94  -24.85  -21.71  -22.73  -23.13  -20.83  -24.23  -25.51  -24.61  -29.85  -30.02  -32.11  -29.19  -32.61
L.s2.L.ped = 420.3  440.3  439.3  411.2  487  444.8  533.3  466  510.7  461.3  478.9  386.5  482.9  497.4  448.2  485.6
L.s2.R.ped = 423.1  403.1  402.7  380.5  494.9  509.8  545.7  527.2  416.4  438.7  463.8  441.1  469.3  475.5  418.9  471.1
L.s2.L.gain = 1  1.04  0.95  1.02  0.99  1.04  0.99  1.01  1.01  1.02  1  1.05  0.99  1.02  0.98  1.06
L.s2.R.gain = 1.03  1.02  1.04  1  0.99  1.02  1.03  0.96  1.01  1.01  0.99  1.02  1.01  1.04  1.05  1.01
L.s2.avgres = 1e-10
L.s2.atten = 0.7
L.s2.Cn = 1.34281e+08
L.s2.MIP = 1e+10
L.s2.tdc.res = 5e-10
L.s2.timewalk_params =
   0  0  0  0  0  0  0  0  0  0  0  0  0  0  0  0
   0  0  0  0  0  0  0  0  0  0  0  0  0  0  0  0
L.s2.retiming_offsets = 0  0  0  0  0  0  0  0  0  0  0  0  0  0  0  0

--------[ 2016-09-10 00:00:00 -0400 ]

L.s2.position = -0.121  0  3.179
L.s2.L.off = 1621.2  1623.9  1619.5  1623.2  1623.8  1621.4  1624.8  1623.2  1623.7  1625.1  1625.1  1623.9  1624  1624.6  1623.7  1624.7
L.s2.R.off = 1562.3  1563.8  1567.1  1564.4  1567.1  1567.2  1568.1  1569.9  1567.4  1566  1566.9  1561.9  1562.8  1562.8  1566.1  1562.8
L.s2.L.ped = 422.4  442.5  440.9  413  489.2  447.3  536.3  468.4  512.8  463.8  481  387.9  485.7  499.7  449.9  487.9
L.s2.R.ped = 425.2  404.2  404  382  497.4  512.4  548.8  530.7  418.1  440.2  466  442.6  471.4  477.8  420.6  473.2
L.s2.Cn = 1.26193e+08
L.s2.tdc.res = -5e-10

